4221805326
3346514206
3973203980
3236783006
5621528054
2159124734
4031497674
1459249168
5101242622
4683341068
7296198076
6891938968
4329791796
4855835766
2540827800
4820281646
5010701060
5261621796
6866249630
2173119740
4282096462
4755864196
5786957632
3178881960
5015770314
3521966888
2269729048
2673990110
1793622594
3415943258
6095029932
5462753350
570660424
3981889726
6048322374
8096519132
3695670140
5467207664
6280446284
6941661326
7839226562
3384438184
4764202452
3423409278
4217894426
5393518402
3180628264
2589925070
293096022
7451358052
4762994420
805068882
4628412930
545147718
4619057094
4686042188
4268069890
5634869252
2870495790
6358506692
6629943330
1189901040
4091067770
3019202052
6251160910
6950364830
4623398352