1920047362
195516966
2602192592
764344632
3027220822
2111692876
1970950970
893876364
1318109846
1971114700
4272872664
3128902610
204946702
2677385076
976725012
1024156870
3084703576
3650076380
3138241860
1555500934
283859050
4046895408
3876773206
1760256600
3324359388
2825516868
456547056
2068092472
1501132946
2118751754
1822021870
2530990658
146207788
1564833148
3256244074
3952694096
1470908792
2076806430
2369296078
3666487582
3644528348
2281323744
2705776380
827865662
3619943964
3468801704
1398595756
494029696
110212606
3385386350
3285117270
93264414
2151690486
452266806
1050217270
2974933968
461999180
2557894554
2740777972
2511782378
3989659530
406496702
2883219148
2976100060
2249972590
3961080810
3472184224